4444444444444444444444444444444444444444444444444444444444444444444444444444444444444444444444444444
4444444444444444444444444444444444444444444444444444444444444444444444444444444444444444444444444444
4444444444444444444444444444444444444444444444444444444444444444444444444444444444444444444444444444
4444444444444444444444444444444444444444444444444444444444444444444444444444444444444444444444444444
4444444444444444444444444444444444444444444444444444444444444444444444444444444444444444444444444444
4444444444444444444444444444444444444444444444444444444444444444444444444444444444444444444444444444
4444444444444444444444444444444444444444444444444444444444444444444444444444444444444444444444444444
4444444444444444444444444444444444444444444444444444444444444444444444444444444444444444444444444444
4444444444444444444444444444444444444444444444444444444444444444444444444444444444444444444444444444
4444444444444444444444444444444444444444444444444444444444444444444444444444444444444444444444444444
4444444444444444444444444444444444444444444444444444444444444444444444444444444444444444444444444444
4444444444444444444444444444444444444444444444444444444444444444444444444444444444444444444444444444
4444444444444444444444444444444444444444444444444444444444444444444444444444444444444444444444444444
4444444444444444444444444444444444444444444444444444444444444444444444444444444444444444444444444444
4444444444444444444444444444444444444444444444444444444444444444444444444444444444444444444444444444
4444444444444444444444444444444444444444444444444444444444444444444444444444444444444444444444444444
4444444444444444444444444444444444444444444444444444444444444444444444444444444444444444444444444444
4444444444444444444444444444444444444444444444444444444444444444444444444444444444444444444444444444
4444444444444444444444444444444444444444444444444444444444444444444444444444444444444444444444444444
4444444444444444444444444444444444444444444444444444444444444444444444444444444444444444444444444444
4444444444444444444333333333333333333333333334444444444444444444444444444444444444444444444444444444
4444444444444444444300000000000000000000000034444444444444444444444444444444444444444444444444444444
4444444444444444444309005000000000000000000034444444444444444444444444444444444444444444444444444444
4444444444444444444300000000000000000000000034444444444444444444444444444444444444444444444444444444
4444444444444444444300000000000000000000000034444444444444444444444444444444444444444444444444444444
4444444444444444444300000000000000000000000034444444444444444444444444444444444444444444444444444444
4444444444444444444300000000000000000000000034444444444444444444444444444444444444444444444444444444
4444444444444444444300000000000000000000000034444444444444444444444444444444444444444444444444444444
4444444444444444444300000000000000000000000034444444444444444444444444444444444444444444444444444444
4444444444444444444300000000000000000000000034444444444444444444444444444444444444444444444444444444
4444444444444444444300000000000000000000000034444444444444444444444444444444444444444444444444444444
4444444444444444444300000000000000000000000034444444444444444444444444444444444444444444444444444444
4444444444444444444300000000000000000000000034444444444444444444444444444444444444444444444444444444
4444444444444444444300000000000000000000000034444444444444444444444444444444444444444444444444444444
4444444444444444444300000000000000000000000034444444444444444444444444444444444444444444444444444444
4444444444444444444300000000000000000000000034444444444444444444444444444444444444444444444444444444
4444444444444444444333333333333333333333333334444444444444444444444444444444444444444444444444444444
4444444444444444444444444444444444444444444444444444444444444444444444444444444444444444444444444444
4444444444444444444444444444444444444444444444444444444444444444444444444444444444444444444444444444
4444444444444444444444444444444444444444444444444444444444444444444444444444444444444444444444444444
4444444444444444444444444444444444444444444444444444444444444444444444444444444444444444444444444444
4444444444444444444444444444444444444444444444444444444444444444444444444444444444444444444444444444
4444444444444444444444444444444444444444444444444444444444444444444444444444444444444444444444444444
4444444444444444444444444444444444444444444444444444444444444444444444444444444444444444444444444444
4444444444444444444444444444444444444444444444444444444444444444444444444444444444444444444444444444
4444444444444444444444444444444444444444444444444444444444444444444444444444444444444444444444444444
4444444444444444444444444444444444444444444444444444444444444444444444444444444444444444444444444444
4444444444444444444444444444444444444444444444444444444444444444444444444444444444444444444444444444
4444444444444444444444444444444444444444444444444444444444444444444444444444444444444444444444444444
4444444444444444444444444444444444444444444444444444444444444444444444444444444444444444444444444444